23977  23936
19446  19395
18654  18621
18409  18372
18441  18402
18399  18355
18026  17988
17762  17729
17731  17683
17328  17286
17332  17296
16958  16926
16594  16560
16597  16567
16688  16646
16676  16634
16469  16441
16367  16335
16181  16149
15885  15850
15799  15770
15684  15648
15686  15666
15276  15247
14862  14818
15047  15018
14969  14944
14737  14698
14876  14837
14751  14709
14919  14883
14652  14620
14482  14442
14351  14300
14133  14097
14028  13992
14039  13998
13886  13831
13606  13561
13725  13695
13598  13567
13339  13316
13125  13100
13005  12976
13249  13217
13187  13154
13277  13248
12896  12873
12884  12860
12891  12864
12539  12524
12675  12660
12718  12694
12131  12114
12088  12068
12010  11987
12122  12099
11932  11906
11970  11939
12187  12163
12146  12119
11832  11811
11787  11767
11652  11640
11561  11552
11751  11740
11445  11433
11256  11237
11181  11168
11374  11356
11522  11502
11235  11207
11281  11255
10937  10916
11079  11066
11156  11141
11048  11038
11110  11087
10932  10916
10923  10899
11051  11038
10828  10821
10761  10744
10516  10500
10586  10575
10746  10731
10568  10552
10698  10686
10541  10530
10497  10471
10510  10489
10291  10273
11001  10996
11103  11091
10571  10563
10413  10406
10310  10299
9909   9901
10051  10039
9996   9980
10252  10238
9907   9893
10111  10094
9961   9949
9881   9872
9975   9953
9928   9916
9762   9751
9450   9431
9367   9349
9418   9392
9355   9337
9215   9206
9468   9450
9564   9546
9508   9495
9309   9298
9164   9146
8876   8864
8809   8793
9200   9188
8773   8759
9243   9233
9151   9140
9421   9414
9220   9208
9367   9354
9371   9362
9291   9280
9146   9137
9257   9250
9042   9033
8925   8915
8668   8661
8722   8718
8901   8888
8817   8813
8455   8449
8729   8726
8571   8564
8590   8586
8838   8830
8550   8543
8469   8458
8945   8936
8570   8556
8388   8376
8175   8167
8150   8139
8029   8022
8273   8260
8135   8126
8221   8206
8013   8006
8232   8226
8223   8211
8178   8170
8137   8129
8055   8044
7975   7956
8032   8021
7817   7808
7863   7858
7616   7608
7736   7725
7949   7938
7794   7781
7742   7739
7674   7668
7784   7781
7723   7715
7752   7746
7774   7766
7584   7582
7822   7813
7803   7793
7688   7677
7537   7529
7586   7574
7561   7559
7740   7736
7657   7651
7569   7559
7700   7695
7725   7710
7779   7774
7677   7671
7504   7494
7401   7391
7581   7574
7748   7741
7600   7594
7621   7617
7768   7765
7591   7584
7733   7728
7547   7538
7517   7509
7353   7347
7532   7527
7463   7454
7431   7422
7515   7506
7433   7418
7419   7409
7460   7455
7349   7339
7013   7005
7157   7146
7189   7178
7407   7400
7353   7348
7106   7099
7379   7374
7676   7670
7686   7677
7776   7768
8368   8364
7803   7795
7725   7720
7918   7912
7882   7877
7536   7531
7430   7421
7512   7502
7646   7636
7533   7519
7512   7509
7354   7350
7385   7379
7504   7498
7092   7085
7144   7137
7096   7089
7607   7604
7419   7406
7346   7342
7179   7171
7186   7180
7026   7024
7295   7293
7104   7100
6895   6888
6906   6900
7011   7006
6992   6990
6992   6988
6838   6834
6842   6833
6917   6910
7043   7038
6832   6822
6741   6731
6857   6849
6701   6698
6877   6867
6929   6917
6876   6871
6721   6714
6721   6712
7032   7026
6773   6764
6696   6691
7000   6995
6871   6865
7028   7024
7062   7057
6791   6787
6706   6699
6917   6909
7059   7053
6739   6729
6845   6823
6880   6873
6873   6867
6942   6938
7045   7036
6878   6863
6792   6786
6664   6660
6951   6943
6915   6909
6896   6894
6846   6843
6825   6815
6880   6875
6974   6966
6735   6729
6703   6697
6867   6861
7617   7591
6944   6935
7075   7067
6826   6823
6967   6958
7195   7185
7162   7156
7002   6994
7136   7129
7426   7415
8473   8467
7657   7650
7646   7637
7447   7442
7396   7393
7616   7611
7628   7625
7543   7525
7575   7566
7535   7532
7607   7600
7321   7318
7611   7604
7828   7820
7950   7938
7697   7694
7487   7482
7378   7372
7429   7422
7419   7408
7585   7576
7408   7398
7480   7468
7408   7402
7371   7364
7422   7412
7632   7616
7670   7657
7815   7806
8172   8164
9122   9116
8248   8241
7891   7887
7884   7881
8084   8076
7886   7875
8013   8011
7938   7926
7659   7651
7898   7886
8313   8303
8291   8281
8358   8343
8386   8381
8680   8674
8904   8893
8864   8860
8829   8822
8743   8740
8925   8920
9095   9087
8991   8988
9172   9166
8974   8967
9045   9034
9542   9535
9541   9537
9646   9639
10117  10104
11332  11321
12806  12793
11350  11342
10690  10681
10548  10540
10793  10779
10943  10932
10553  10541
10616  10608
10761  10749
11171  11169
11331  11323
11038  11034
11193  11187
11038  11027
11373  11362
11820  11806
11745  11733
11404  11393
11689  11682
12098  12085
12144  12133
11932  11918
11579  11564
11712  11705
12319  12306
12400  12393
12643  12634
12543  12536
12985  12967
14285  14275
15331  15314
14343  14331
13680  13671
13321  13309
12978  12935
13410  13368
13198  13163
13117  13068
13313  13271
13852  13818
13852  13807
13454  13415
13585  13553
13939  13914
14040  14002
14609  14558
14824  14777
14112  14071
14274  14233
14835  14792
15320  15263
14572  14535
14461  14413
14366  14329
14591  14549
15122  15059
15439  15422
15111  15068
15921  15870
17349  17314
18699  18638
16981  16924
16205  16160
16113  16080
16442  16389
16607  16531
16291  16248
16540  16504
16267  16215
16564  16502
16844  16796
16494  16427
16171  16125
16156  16110
16760  16703
16969  16919
18023  17994
17667  17653
18017  18007
17914  17900
18422  18402
17592  17566
17542  17520
17538  17518
17687  17667
17922  17903
18101  18084
18299  18279
18322  18293
19186  19155
19790  19766
19403  19387
19241  19211
19081  19068
19055  19032
19111  19082
19222  19185
19194  19173
19164  19142
19452  19432
19673  19655
19577  19555
19828  19807
19871  19838
20130  20108
20207  20182
20288  20267
20037  20012
20345  20323
20671  20638
20894  20877
20738  20710
20871  20812
20971  20926
21435  21409
21906  21870
21979  21946
21687  21659
21687  21655
22187  22162
22930  22889
22692  22639
22686  22634
23054  22989
23139  23090
22768  22715
22877  22820
23048  23000
23004  22957
23089  23037
23226  23177
23370  23319
23020  22963
23013  22941
23263  23184
23625  23556
23373  23331
23166  23119
23376  23328
23608  23553
23867  23796
23573  23490
23703  23645
23796  23710
24063  23971
24542  24388
24504  24398
24351  24205
24430  24364
24922  24845
25277  25198
25160  25086
25225  25142
24831  24749
25192  25111
25285  25210
25132  25067
25230  25175
25741  25647
25413  25336
25612  25543
25347  25269
25511  25414
25575  25489
25796  25742
25807  25737
25902  25842
26074  25994
26062  25979
26500  26434
26495  26401
26058  25965
26113  26037
26103  25990
26313  26231
26659  26578
26754  26659
26650  26552
26375  26297
26832  26729
27711  27621
27556  27452
27204  27101
27039  26935
27376  27272
27448  27344
27412  27322
27225  27133
28132  27988
28281  28132
28253  28130
27725  27606
28252  28134
28030  27916
28416  28295
28607  28489
28421  28306
28452  28316
28307  28167
28311  28183
28175  28045
28313  28181
28272  28138
28707  28565
28981  28818
29067  28897
28812  28693
28447  28317
28636  28497
28643  28518
28496  28381
28562  28436
28680  28555
28481  28339
28676  28523
28833  28686
28823  28668
28802  28676
28714  28566
29227  29102
29164  29034
28859  28726
28909  28767
28908  28758
29184  29051
29308  29159
29167  29035
29117  28989
29214  29062
29381  29228
29295  29159
29559  29420
29644  29514
29988  29844
30103  29982
29875  29738
29970  29818
29831  29668
29540  29404
29289  29139
29964  29820
29781  29628
29927  29775
29914  29768
30277  30127
30300  30161
30710  30563
30473  30332
30496  30360
30246  30099
30116  29985
30380  30222
30685  30516
30425  30290
30601  30450
30745  30586
30571  30420
30401  30266
30847  30700
30748  30604
30641  30501
30663  30508
30262  30126
30519  30362
30816  30654
30707  30572
30662  30468
30503  30350
30633  30498
30908  30758
30891  30742
30912  30800
30837  30708
30480  30377
30881  30751
30909  30747
31025  30889
30385  30253
30718  30600
31030  30890
31371  31234
31697  31585
31365  31251
31387  31262
31382  31274
31308  31167
31399  31282
31012  30917
31177  31052
31183  31062
31411  31281
31225  31125
31205  31086
31388  31285
31104  30979
31759  31657
31679  31549
31336  31224
31600  31501
31478  31356
31603  31466
31528  31410
31176  31049
31389  31279
31669  31566
31312  31201
31504  31403
31697  31575
31531  31409
31540  31432
31903  31760
31808  31662
32062  31929
31983  31830
32117  31990
32030  31901
31593  31437
31805  31685
31307  31213
31505  31408
31961  31856
31517  31398
32021  31904
32089  31966
31359  31248
31289  31187
31535  31442
31272  31155
30969  30854
30780  30685
31234  31124
30755  30643
31241  31131
31551  31452
31527  31428
31078  30975
31415  31310
30858  30744
30785  30671
31152  31009
30998  30887
31068  30967
31062  30953
30998  30881
30968  30837
31279  31178
30967  30884
30978  30869
31278  31185
31361  31276
31443  31343
30852  30771
31169  31075
31112  31018
31286  31197
31313  31208
31207  31100
30913  30803
31227  31121
31795  31704
36050  35978
32840  32739
31765  31658
31286  31192
31253  31173
30969  30881
30534  30460
30835  30761
31124  31071
30694  30631
31288  31216
31081  31018
30682  30609
30426  30359
30538  30458
30845  30759
31122  31041
31203  31088
31165  31090
31079  30971
30997  30885
30948  30864
30817  30735
31337  31247
30924  30854
31051  30947
31217  31130
30846  30761
30820  30772
31271  31173
31550  31489
31507  31444
31858  31768
31477  31402
31271  31178
31305  31231
31134  31056
30912  30818
31235  31132
31191  31112
31697  31602
31061  30968
31063  30969
31216  31120
31386  31291
31241  31146
31179  31086
31094  30992
30920  30828
31109  31015
31151  31064
30361  30293
30844  30753
30218  30142
30754  30643
30853  30724
30872  30777
30865  30745
31168  31068
30656  30567
31346  31245
30909  30819
31138  31028
30787  30697
30954  30855
30638  30545
30814  30708
30804  30711
30019  29940
30406  30311
30456  30359
30745  30655
30479  30358
30334  30210
30454  30343
30434  30347
30297  30218
29763  29675
29945  29845
29988  29881
29885  29797
30061  29958
30200  30108
30234  30147
30398  30288
30262  30140
30334  30219
29926  29827
30476  30380
30711  30615
30636  30526
30420  30328
30148  30055
30304  30197
30237  30123
30198  30087
30199  30115
29850  29755
29905  29802
29700  29595
29852  29754
30391  30307
30372  30273
30633  30524
30719  30623
30750  30649
30492  30386
29712  29598
29512  29401
29609  29481
29829  29714
29480  29375
29736  29635
29379  29268
29731  29623
29810  29704
29658  29549
30061  29961
29807  29683
30087  29942
30181  30060
29970  29847
30075  29955
29983  29854
30138  30023
30095  29976
29974  29867
29712  29606
30261  30131
30043  29954
30496  30366
30151  30017
29953  29844
29791  29703
29731  29632
30599  30495
30535  30443
30274  30178
30224  30138
30545  30448
30971  30885
30435  30333
30274  30159
30024  29918
30337  30231
30181  30078
30172  30071
30069  29963
30048  29928
30351  30255
30777  30693
30792  30673
30649  30557
30924  30772
30775  30654
30578  30456
30685  30529
30912  30782
30813  30692
30499  30370
30692  30569
30402  30277
30308  30181
30348  30216
29864  29718
30245  30071
30392  30262
30057  29942
30031  29895
29937  29811
30157  30042
30272  30119
30264  30134
30404  30298
30341  30251
30441  30300
30217  30097
29996  29876
30373  30247
30848  30724
31122  31023
30632  30518
30794  30679
30964  30828
30664  30560
30650  30539
30829  30727
30848  30768
31021  30930
31033  30947
31048  30962
30763  30671
30630  30534
30556  30456
30830  30734
30510  30418
30831  30726
30230  30130
30695  30591
30712  30621
30725  30643
30325  30239
30641  30544
30507  30408
30781  30670
30885  30778
30656  30578
30646  30561
31125  31046
31165  31084
31905  31817
30883  30800
31181  31087
31121  31031
31012  30940
31052  30982
30940  30864
30890  30798
31047  30949
30893  30804
31157  31056
31203  31088
30866  30781
30889  30777
30873  30781
31158  31070
30899  30817
30785  30696
30798  30703
30543  30450
30523  30444
30757  30669
30642  30552
31096  31018
30638  30543
30696  30607
31022  30909
30921  30800
31054  30953
31179  31066
31811  31696
31490  31389
31298  31195
31362  31254
31356  31256
31111  31005
31176  31041
31084  31005
31134  31050
31456  31363
31692  31595
31488  31374
31509  31415
31280  31191
31474  31379
32013  31919
31696  31592
31715  31635
31761  31680
31742  31665
32061  31982
31132  31052
31244  31150
31540  31456
31348  31273
31227  31133
31471  31379
31544  31443
31566  31481
31549  31443
31571  31458
31471  31363
31998  31890
31849  31738
31899  31773
31923  31827
31864  31753
31606  31492
31505  31403
31625  31513
32072  31953
31681  31588
31853  31720
31968  31835
32080  31953
32158  32004
32334  32210
31728  31624
31612  31514
31554  31471
31395  31307
31471  31395
31641  31559
31595  31496
31260  31186
31733  31625
31497  31411
31570  31494
31488  31434
32256  32174
32392  32315
31737  31665
32229  32148
32300  32217
31923  31838
31803  31730
32030  31963
32027  31958
32222  32131
31964  31880
31963  31894
31876  31786
31902  31824
31661  31593
31386  31333
31892  31818
31905  31820
32093  32004
31916  31845
31844  31758
32037  31955
31918  31847
31985  31877
31922  31829
31709  31621
31954  31871
31624  31568
31560  31506
31613  31540
31668  31580
31802  31725
31492  31390
31705  31587
31844  31761
31945  31853
31837  31728
30999  30892
31004  30885
31208  31094
31024  30927
31282  31173
31385  31292
31545  31451
31679  31584
31449  31363
31744  31667
31905  31834
31591  31527
31404  31335
31411  31338
31640  31532
31488  31384
31329  31240
31185  31113
31304  31231
31581  31498
31622  31554
31256  31179
31599  31529
31632  31562
32039  31971
31057  30991
30558  30501
30738  30674
30346  30288
30251  30184
30924  30872
30811  30761
31067  31013
31120  31072
30658  30605
30059  30007
30813  30752
30927  30873
30707  30634
31308  31238
31354  31308
30958  30915
30500  30457
30620  30590
30978  30938
30858  30803
30655  30586
30748  30685
30814  30771
31158  31095
31324  31241
30891  30821
30254  30197
30807  30747
31010  30962
30663  30602
30722  30665
30766  30705
30430  30382
30702  30638
30601  30548
30569  30495
30844  30776
30471  30410
30987  30907
30799  30721
30538  30460
30601  30534
30787  30705
30693  30630
30842  30779
30766  30708
31008  30952
31017  30956
31139  31061
30807  30751
30900  30850
30898  30830
31368  31292
31712  31648
31369  31315
31254  31206
31262  31215
30818  30766
30687  30631
30526  30474
30898  30852
31255  31194
31495  31438
31462  31414
31148  31103
30794  30733
31259  31208
31324  31277
30863  30803
31046  30979
31055  31006
30962  30917
31042  30993
31298  31238
31044  30991
31243  31189
31227  31162
31196  31111
31314  31258
31518  31458
31104  31047
31376  31318
31247  31189
31520  31470
31642  31561
31744  31678
31541  31491
31699  31650
32176  32115
32297  32225
31854  31780
32115  32041
31980  31917
31637  31580
32231  32157
31922  31864
31852  31767
31775  31704
31547  31459
32195  32118
32253  32171
32266  32178
32783  32700
32705  32629
32551  32490
32049  31989
31517  31438
31786  31700
32204  32131
31788  31729
32040  31969
31999  31940
32187  32133
32333  32257
32274  32209
32051  31966
31979  31908
31970  31893
32770  32710
32636  32582
32424  32366
32278  32216
32578  32533
32570  32514
32896  32837
32504  32444
32330  32275
32330  32279
32843  32783
33300  33234
33383  33309
33278  33211
33376  33307
33543  33475
33422  33365
33433  33372
32961  32902
33272  33214
33531  33476
32829  32779
32885  32831
32916  32869
32925  32871
32717  32668
32487  32436
32339  32282
32512  32419
32414  32334
32812  32740
32936  32855
32892  32833
32645  32561
33207  33151
33045  32994
33022  32957
33156  33080
33088  33015
33412  33340
33547  33465
33053  32968
32956  32864
32647  32574
32982  32916
32648  32590
32575  32526
32827  32771
32855  32784
32964  32891
32802  32744
32814  32721
32643  32550
32381  32304
32930  32848
32821  32733
32589  32520
32850  32764
32966  32865
33037  32958
33166  33060
33588  33503
33375  33298
32990  32899
33440  33348
33903  33821
33775  33693
33892  33835
33768  33671
33925  33847
33651  33582
33292  33213
33064  32993
33514  33442
33725  33644
33558  33479
33660  33576
33297  33207
33021  32953
32734  32664
32939  32865
33083  33002
33532  33458
33305  33230
32723  32646
32572  32484
33191  33112
32821  32755
32964  32890
32806  32735
33403  33352
32574  32499
32452  32389
32427  32357
32923  32849
32712  32643
32472  32400
32241  32177
32436  32358
32505  32443
32907  32833
32611  32545
32594  32516
32324  32241
32280  32187
32263  32189
32343  32270
32544  32468
32134  32066
32143  32060
32337  32259
32307  32233
32478  32376
32293  32218
32030  31948
32521  32454
32464  32375
31559  31481
32356  32286
32386  32311
32269  32199
32131  32049
32377  32309
32184  32113
32014  31939
32196  32120
31871  31797
31571  31509
31638  31562
32160  32094
31933  31872
32006  31935
31959  31893
31673  31614
32035  31953
31584  31533
31721  31664
31396  31337
31224  31166
31077  31024
31297  31243
30667  30608
30822  30766
30409  30334
30330  30277
30610  30556
30411  30353
30415  30353
30520  30472
30188  30147
30623  30554
30207  30149
30247  30196
30071  30010
29767  29703
29784  29723
29795  29746
29318  29241
29359  29312
28933  28863
28849  28796
28757  28707
28457  28407
28495  28447
28725  28651
28226  28152
28060  27988
27945  27879
27762  27701
27390  27318
27367  27296
27084  27028
27483  27406
27383  27302
27107  27013
27395  27316
27307  27240
26865  26798
26319  26253
26964  26882
27338  27230
27204  27106
26623  26553
26381  26305
26362  26294
26443  26369
26169  26083
25764  25695
26006  25934
25967  25897
25789  25740
25382  25334
24934  24889
25070  25029
25068  25012
24869  24815
24926  24878
24558  24506
24284  24238
24344  24300
24305  24270
23940  23893
23577  23517
23629  23571
23200  23139
23326  23279
23380  23335
23179  23122
23235  23169
23367  23327
22817  22765
22664  22624
22322  22280
22303  22249
21923  21875
21810  21763
21892  21853
21563  21517
21426  21379
21114  21065
21146  21100
20840  20795
20446  20400
20318  20279
20382  20338
19999  19951
19880  19841
19833  19793
19809  19763
19623  19587
19695  19659
19405  19365
19504  19468
19084  19035
18903  18850
18772  18730
18877  18828
18533  18469
18572  18514
18842  18774
