23936
19395
18621
18372
18402
18355
17988
17729
17683
17286
17296
16926
16560
16567
16646
16634
16441
16335
16149
15850
15770
15648
15666
15247
14818
15018
14944
14698
14837
14709
14883
14620
14442
14300
14097
13992
13998
13831
13561
13695
13567
13316
13100
12976
13217
13154
13248
12873
12860
12864
12524
12660
12694
12114
12068
11987
12099
11906
11939
12163
12119
11811
11767
11640
11552
11740
11433
11237
11168
11356
11502
11207
11255
10916
11066
11141
11038
11087
10916
10899
11038
10821
10744
10500
10575
10731
10552
10686
10530
10471
10489
10273
10996
11091
10563
10406
10299
9901
10039
9980
10238
9893
10094
9949
9872
9953
9916
9751
9431
9349
9392
9337
9206
9450
9546
9495
9298
9146
8864
8793
9188
8759
9233
9140
9414
9208
9354
9362
9280
9137
9250
9033
8915
8661
8718
8888
8813
8449
8726
8564
8586
8830
8543
8458
8936
8556
8376
8167
8139
8022
8260
8126
8206
8006
8226
8211
8170
8129
8044
7956
8021
7808
7858
7608
7725
7938
7781
7739
7668
7781
7715
7746
7766
7582
7813
7793
7677
7529
7574
7559
7736
7651
7559
7695
7710
7774
7671
7494
7391
7574
7741
7594
7617
7765
7584
7728
7538
7509
7347
7527
7454
7422
7506
7418
7409
7455
7339
7005
7146
7178
7400
7348
7099
7374
7670
7677
7768
8364
7795
7720
7912
7877
7531
7421
7502
7636
7519
7509
7350
7379
7498
7085
7137
7089
7604
7406
7342
7171
7180
7024
7293
7100
6888
6900
7006
6990
6988
6834
6833
6910
7038
6822
6731
6849
6698
6867
6917
6871
6714
6712
7026
6764
6691
6995
6865
7024
7057
6787
6699
6909
7053
6729
6823
6873
6867
6938
7036
6863
6786
6660
6943
6909
6894
6843
6815
6875
6966
6729
6697
6861
7591
6935
7067
6823
6958
7185
7156
6994
7129
7415
8467
7650
7637
7442
7393
7611
7625
7525
7566
7532
7600
7318
7604
7820
7938
7694
7482
7372
7422
7408
7576
7398
7468
7402
7364
7412
7616
7657
7806
8164
9116
8241
7887
7881
8076
7875
8011
7926
7651
7886
8303
8281
8343
8381
8674
8893
8860
8822
8740
8920
9087
8988
9166
8967
9034
9535
9537
9639
10104
11321
12793
11342
10681
10540
10779
10932
10541
10608
10749
11169
11323
11034
11187
11027
11362
11806
11733
11393
11682
12085
12133
11918
11564
11705
12306
12393
12634
12536
12967
14275
15314
14331
13671
13309
12935
13368
13163
13068
13271
13818
13807
13415
13553
13914
14002
14558
14777
14071
14233
14792
15263
14535
14413
14329
14549
15059
15422
15068
15870
17314
18638
16924
16160
16080
16389
16531
16248
16504
16215
16502
16796
16427
16125
16110
16703
16919
17994
17653
18007
17900
18402
17566
17520
17518
17667
17903
18084
18279
18293
19155
19766
19387
19211
19068
19032
19082
19185
19173
19142
19432
19655
19555
19807
19838
20108
20182
20267
20012
20323
20638
20877
20710
20812
20926
21409
21870
21946
21659
21655
22162
22889
22639
22634
22989
23090
22715
22820
23000
22957
23037
23177
23319
22963
22941
23184
23556
23331
23119
23328
23553
23796
23490
23645
23710
23971
24388
24398
24205
24364
24845
25198
25086
25142
24749
25111
25210
25067
25175
25647
25336
25543
25269
25414
25489
25742
25737
25842
25994
25979
26434
26401
25965
26037
25990
26231
26578
26659
26552
26297
26729
27621
27452
27101
26935
27272
27344
27322
27133
27988
28132
28130
27606
28134
27916
28295
28489
28306
28316
28167
28183
28045
28181
28138
28565
28818
28897
28693
28317
28497
28518
28381
28436
28555
28339
28523
28686
28668
28676
28566
29102
29034
28726
28767
28758
29051
29159
29035
28989
29062
29228
29159
29420
29514
29844
29982
29738
29818
29668
29404
29139
29820
29628
29775
29768
30127
30161
30563
30332
30360
30099
29985
30222
30516
30290
30450
30586
30420
30266
30700
30604
30501
30508
30126
30362
30654
30572
30468
30350
30498
30758
30742
30800
30708
30377
30751
30747
30889
30253
30600
30890
31234
31585
31251
31262
31274
31167
31282
30917
31052
31062
31281
31125
31086
31285
30979
31657
31549
31224
31501
31356
31466
31410
31049
31279
31566
31201
31403
31575
31409
31432
31760
31662
31929
31830
31990
31901
31437
31685
31213
31408
31856
31398
31904
31966
31248
31187
31442
31155
30854
30685
31124
30643
31131
31452
31428
30975
31310
30744
30671
31009
30887
30967
30953
30881
30837
31178
30884
30869
31185
31276
31343
30771
31075
31018
31197
31208
31100
30803
31121
31704
35978
32739
31658
31192
31173
30881
30460
30761
31071
30631
31216
31018
30609
30359
30458
30759
31041
31088
31090
30971
30885
30864
30735
31247
30854
30947
31130
30761
30772
31173
31489
31444
31768
31402
31178
31231
31056
30818
31132
31112
31602
30968
30969
31120
31291
31146
31086
30992
30828
31015
31064
30293
30753
30142
30643
30724
30777
30745
31068
30567
31245
30819
31028
30697
30855
30545
30708
30711
29940
30311
30359
30655
30358
30210
30343
30347
30218
29675
29845
29881
29797
29958
30108
30147
30288
30140
30219
29827
30380
30615
30526
30328
30055
30197
30123
30087
30115
29755
29802
29595
29754
30307
30273
30524
30623
30649
30386
29598
29401
29481
29714
29375
29635
29268
29623
29704
29549
29961
29683
29942
30060
29847
29955
29854
30023
29976
29867
29606
30131
29954
30366
30017
29844
29703
29632
30495
30443
30178
30138
30448
30885
30333
30159
29918
30231
30078
30071
29963
29928
30255
30693
30673
30557
30772
30654
30456
30529
30782
30692
30370
30569
30277
30181
30216
29718
30071
30262
29942
29895
29811
30042
30119
30134
30298
30251
30300
30097
29876
30247
30724
31023
30518
30679
30828
30560
30539
30727
30768
30930
30947
30962
30671
30534
30456
30734
30418
30726
30130
30591
30621
30643
30239
30544
30408
30670
30778
30578
30561
31046
31084
31817
30800
31087
31031
30940
30982
30864
30798
30949
30804
31056
31088
30781
30777
30781
31070
30817
30696
30703
30450
30444
30669
30552
31018
30543
30607
30909
30800
30953
31066
31696
31389
31195
31254
31256
31005
31041
31005
31050
31363
31595
31374
31415
31191
31379
31919
31592
31635
31680
31665
31982
31052
31150
31456
31273
31133
31379
31443
31481
31443
31458
31363
31890
31738
31773
31827
31753
31492
31403
31513
31953
31588
31720
31835
31953
32004
32210
31624
31514
31471
31307
31395
31559
31496
31186
31625
31411
31494
31434
32174
32315
31665
32148
32217
31838
31730
31963
31958
32131
31880
31894
31786
31824
31593
31333
31818
31820
32004
31845
31758
31955
31847
31877
31829
31621
31871
31568
31506
31540
31580
31725
31390
31587
31761
31853
31728
30892
30885
31094
30927
31173
31292
31451
31584
31363
31667
31834
31527
31335
31338
31532
31384
31240
31113
31231
31498
31554
31179
31529
31562
31971
30991
30501
30674
30288
30184
30872
30761
31013
31072
30605
30007
30752
30873
30634
31238
31308
30915
30457
30590
30938
30803
30586
30685
30771
31095
31241
30821
30197
30747
30962
30602
30665
30705
30382
30638
30548
30495
30776
30410
30907
30721
30460
30534
30705
30630
30779
30708
30952
30956
31061
30751
30850
30830
31292
31648
31315
31206
31215
30766
30631
30474
30852
31194
31438
31414
31103
30733
31208
31277
30803
30979
31006
30917
30993
31238
30991
31189
31162
31111
31258
31458
31047
31318
31189
31470
31561
31678
31491
31650
32115
32225
31780
32041
31917
31580
32157
31864
31767
31704
31459
32118
32171
32178
32700
32629
32490
31989
31438
31700
32131
31729
31969
31940
32133
32257
32209
31966
31908
31893
32710
32582
32366
32216
32533
32514
32837
32444
32275
32279
32783
33234
33309
33211
33307
33475
33365
33372
32902
33214
33476
32779
32831
32869
32871
32668
32436
32282
32419
32334
32740
32855
32833
32561
33151
32994
32957
33080
33015
33340
33465
32968
32864
32574
32916
32590
32526
32771
32784
32891
32744
32721
32550
32304
32848
32733
32520
32764
32865
32958
33060
33503
33298
32899
33348
33821
33693
33835
33671
33847
33582
33213
32993
33442
33644
33479
33576
33207
32953
32664
32865
33002
33458
33230
32646
32484
33112
32755
32890
32735
33352
32499
32389
32357
32849
32643
32400
32177
32358
32443
32833
32545
32516
32241
32187
32189
32270
32468
32066
32060
32259
32233
32376
32218
31948
32454
32375
31481
32286
32311
32199
32049
32309
32113
31939
32120
31797
31509
31562
32094
31872
31935
31893
31614
31953
31533
31664
31337
31166
31024
31243
30608
30766
30334
30277
30556
30353
30353
30472
30147
30554
30149
30196
30010
29703
29723
29746
29241
29312
28863
28796
28707
28407
28447
28651
28152
27988
27879
27701
27318
27296
27028
27406
27302
27013
27316
27240
26798
26253
26882
27230
27106
26553
26305
26294
26369
26083
25695
25934
25897
25740
25334
24889
25029
25012
24815
24878
24506
24238
24300
24270
23893
23517
23571
23139
23279
23335
23122
23169
23327
22765
22624
22280
22249
21875
21763
21853
21517
21379
21065
21100
20795
20400
20279
20338
19951
19841
19793
19763
19587
19659
19365
19468
19035
18850
18730
18828
18469
18514
18774
