22938
18979
18766
18567
18103
17900
17458
17178
16875
16949
16859
16723
16585
15166
14936
15126
15026
14861
14920
15704
16438
15955
15736
15551
15641
15531
15348
15182
15271
15001
15086
14936
14821
14666
14244
14387
14345
13976
14106
13904
13803
13495
13686
13596
13272
13187
13293
13282
13140
13039
12726
12570
12526
12378
12629
12286
12231
12145
12158
12301
12178
12012
11886
11995
11927
11981
11925
11668
11596
11322
11476
11312
11019
10960
10890
11082
10795
10870
11011
10854
10920
10710
10694
10651
10612
10731
10751
10850
10375
10308
10283
10132
10560
10694
10640
10310
10376
9997
10126
9892
9899
10000
9674
9641
9667
9870
9756
9564
9583
9386
9270
9161
9327
9256
9409
9226
9269
9403
9205
9202
9551
9332
9311
9101
9124
9000
8967
9256
9326
8968
8976
8941
8973
8710
8691
8812
8798
8694
8662
8913
8586
8724
8634
8612
8678
8658
8318
8345
8163
8222
8204
8270
8194
8018
8119
8187
8372
8282
8564
8296
8394
8302
8141
8091
8032
7977
8005
7852
8073
8092
8137
7979
7701
7950
7699
7971
7946
7892
7828
7814
7912
7835
7980
8414
8176
8289
8138
7919
8135
7906
7996
7982
8190
7926
7733
7759
7735
8013
7774
7616
7732
7756
7923
7861
7936
7812
7808
7738
7710
7668
7975
8010
7775
7687
7778
7807
7670
7727
7880
7849
8054
7602
7496
7550
7701
7714
7718
7629
7712
7674
7613
7559
7346
7324
7318
7160
7008
6907
7128
7042
7233
7083
7221
7022
7085
7234
7083
7109
7476
7356
7650
7199
7345
7427
7182
7321
7359
7217
7179
7004
7117
6997
6947
6992
6949
6977
6971
6958
7051
6988
7368
6991
7048
7168
7240
7236
7069
7092
7019
6942
6985
6985
6973
7103
6937
6938
7009
6942
7181
7203
7895
7359
7013
7041
7065
7046
7014
6964
6936
7741
8878
8020
8056
7839
7832
7894
8053
7632
8048
7835
8011
8034
7680
7679
7743
7951
7660
7429
7591
7628
7733
7465
7813
7723
7786
7872
7805
7677
7966
8468
9413
8487
7992
8113
8136
8138
8117
8185
8334
8651
8755
8217
8382
8437
8753
9108
8749
8717
8941
9124
9627
9328
9110
9272
9388
9689
9786
9608
10332
11534
13355
12045
11127
10880
10939
11070
11226
10853
10897
11406
12115
11398
11218
11229
11570
12061
11882
11783
12076
12576
12733
12302
12269
12183
12450
12940
12821
12710
13458
14391
15275
14279
13921
13944
14119
14330
14028
13821
14016
14642
15109
14720
14258
14538
15049
15037
14864
14915
15179
15475
16096
15446
15139
15376
15864
15525
15817
15957
16939
18272
19824
18388
17695
17525
17256
17515
17484
17735
17552
18062
18469
18004
17712
17727
18044
18824
18510
18116
18208
18427
19047
18535
18432
18412
18731
18885
18683
18862
19182
20052
20652
19994
19850
19800
20251
20267
20198
19851
20315
20326
20596
20491
20638
20877
20900
21175
21090
21323
21495
21505
21857
21337
21887
21921
21809
21876
22205
22453
22851
23063
23844
23291
23372
23374
23071
22826
23036
23164
23175
23354
23919
23539
23716
23719
23496
23715
23681
23562
23885
23935
24443
24122
24107
24191
24474
24792
24719
24715
25053
25059
25469
25526
25433
25583
25788
25740
25349
25204
25529
25943
26058
25925
26169
26153
26105
25791
26159
25876
25773
25928
25902
26004
26622
26982
27115
27346
27046
26991
27197
26998
27725
27671
27449
27604
27226
27312
27437
26996
27863
27582
27645
27726
27760
27952
27933
27717
27434
27662
27690
27681
27854
27615
28071
28090
28090
28421
28615
28371
28287
28298
28668
28101
28687
29335
29183
29337
29442
29357
29061
28917
29093
28958
28654
29011
28797
28742
28956
29254
29462
29364
29597
29314
29044
29244
29735
29731
30034
30119
30566
30801
31153
30557
30702
30274
30344
30406
30194
29921
29983
29896
30212
29619
30599
30171
29852
30131
30467
30073
30377
30163
30542
29938
30378
30405
30364
30432
30750
30375
30412
30685
30483
30748
30718
30771
30480
30624
30461
30210
30300
30267
30183
30046
30393
30308
30388
30612
30703
30419
30789
30962
30884
30686
30485
31089
30982
31004
30870
31071
31297
31735
31803
31655
31719
30938
30846
31175
31277
30809
31093
31263
32114
31533
31692
31818
31214
31282
31156
31277
31758
32057
31855
31482
31093
30889
30843
30997
31077
31389
31453
31250
31249
30989
30885
30602
30856
30969
30615
30730
31140
31320
30843
30750
31007
30849
30853
30869
30457
30336
30016
30224
30533
30698
30326
30524
30035
30185
30672
30942
31658
31949
35623
33587
32085
31452
30882
30735
30774
30433
30449
30679
30800
30615
30730
30843
30868
31082
31349
31855
31957
31499
31337
31056
31016
31319
31212
31041
31516
31479
31339
31206
31516
31966
31837
31743
31290
31736
31855
31762
31058
30979
31312
30902
30727
31380
31125
31007
30849
30403
30272
30591
30957
30621
30591
30746
30465
30602
30704
30483
30656
30411
30671
30795
31037
31363
31055
30895
30429
30452
29999
30206
30845
30378
30591
30601
30243
30599
30123
30010
30243
30293
30572
30021
29671
29803
29704
29481
29684
29483
29794
29424
29906
29488
29482
29793
29843
29820
30041
29576
29777
29894
30520
30324
30451
30609
29937
29951
29545
29014
29074
28754
29558
29080
29129
29954
29818
30054
30177
29914
29805
29837
29927
30077
29689
29902
30061
30356
30288
30471
29756
29978
30365
29921
29451
30007
29925
31274
31339
30814
29823
30094
29785
29912
29957
30607
30325
30503
30893
30709
30810
30644
30600
30363
30641
30716
30640
30668
30484
30477
30492
30178
30895
31001
31084
30887
30949
30713
30389
30451
30202
30314
30614
30258
30102
30401
30069
30505
30474
30692
31002
30185
30434
30282
30658
30878
30948
30914
30578
30886
31010
30844
30891
31149
30493
30611
30687
31014
30365
30618
30858
30811
30678
30239
30438
30511
30392
30242
30403
30478
30273
30088
30542
30434
30725
30628
30678
30312
30481
30344
30666
30517
30710
30612
30513
30965
31083
30916
30954
30980
31384
30956
31029
30445
30666
31246
30847
30905
30861
30962
31059
30919
31530
31242
31421
31222
31302
31282
31177
31113
31241
30814
31147
30851
31032
31290
31249
31449
31367
31677
31651
31622
31643
31787
31774
31564
31679
31766
31574
31643
31891
31767
32026
31637
31771
32168
32079
32358
32176
32126
32102
31992
32533
32280
31843
31727
32014
31935
32091
32399
33094
32845
32613
32402
32460
32205
32447
32251
32392
31847
31546
32023
32484
32235
32437
32021
32106
31915
32203
32393
31867
31538
31850
32179
31977
31942
32380
33011
32658
32449
32540
32640
32264
32385
31930
32135
31608
31407
31720
31572
31561
31315
31230
30923
31020
31138
31165
31093
30846
30964
30773
30829
31418
31629
30840
31238
31248
31619
31212
31095
31231
30972
31181
30938
31022
31273
31475
31573
31298
31250
31213
31272
31701
30828
31027
31593
31693
31873
31571
30951
31067
30812
30784
30512
30883
30768
30425
30486
30385
30673
30794
30796
31131
30535
30890
30979
30833
30807
30607
30619
30726
30991
31050
30763
30722
30660
31043
31075
30880
30794
30724
30529
30903
30845
30592
30988
31266
31268
31428
31379
31029
30738
30859
30453
30365
30941
31379
31351
31514
31306
30390
30400
31538
31127
30937
31674
31719
31355
30897
31330
31722
31719
31318
31473
31265
30816
30958
30833
31442
31085
31109
31033
31539
31471
31518
31291
30951
31112
31191
30936
31512
31470
31720
31660
31692
31626
31876
32184
31863
32215
32603
32094
31859
32033
32197
32088
32712
32259
32352
32232
32110
31952
31663
31536
31586
31795
31778
31521
32154
32421
32146
32305
32089
31600
32116
31853
32048
31924
32199
32390
31975
32044
31678
32653
32933
32688
32647
32641
32349
32285
32493
32866
33237
32852
32512
33075
32670
32613
33193
32778
33004
33057
32889
33056
33568
33415
32931
33261
33205
32875
33026
32850
32908
32850
32942
33281
33062
32974
33097
32724
32762
32902
32938
33245
33303
33586
33066
33320
33276
33554
33405
33362
33216
33332
33825
33612
33586
33428
33917
33557
33743
33204
34080
33842
33732
33480
33638
33720
33085
32988
33130
33765
33837
33268
32973
33145
32750
32773
32890
33016
33199
32957
33242
33595
33595
33370
33386
33155
33280
33197
33544
33165
32958
32722
33067
32360
32657
32734
33132
33318
33408
33210
33419
32824
32959
32906
32456
32827
32874
33293
33208
33165
33427
33190
33529
33147
32759
32532
32600
32362
32539
32397
32028
32112
31890
32007
32040
32139
32129
31885
31560
31661
32133
31360
30810
31088
31219
31117
31010
30796
30970
30568
31188
30342
30263
29935
29838
29774
29514
29277
29255
29328
29234
29468
28659
28929
28824
29062
28536
28611
28974
28385
28205
28185
27887
27535
27772
27610
27550
27460
26824
26659
27065
26490
26086
26214
25670
26070
25641
25622
25798
25618
25470
25340
25161
25210
25123
25036
24877
24106
24473
24369
24116
23959
24018
23621
23178
22922
23082
23050
22890
23080
23028
22543
22731
22384
21834
21686
21926
21358
21816
21487
21143
20966
20524
20445
20589
20629
20235
19956
19936
20139
19906
19641
19056
18955
18944
18632
18860
18701
19092
19566
