99.83
99.74
99.82
99.80
99.79
99.76
99.79
99.81
99.73
99.76
99.79
99.81
99.80
99.82
99.75
99.75
99.83
99.80
99.80
99.78
99.82
99.77
99.87
99.81
99.70
99.81
99.83
99.74
99.74
99.72
99.76
99.78
99.72
99.64
99.75
99.74
99.71
99.60
99.67
99.78
99.77
99.83
99.81
99.78
99.76
99.75
99.78
99.82
99.81
99.79
99.88
99.88
99.81
99.86
99.83
99.81
99.81
99.78
99.74
99.80
99.78
99.82
99.83
99.90
99.92
99.91
99.90
99.83
99.88
99.84
99.83
99.75
99.77
99.81
99.88
99.87
99.91
99.79
99.85
99.78
99.88
99.94
99.84
99.85
99.90
99.86
99.85
99.89
99.90
99.75
99.80
99.83
99.95
99.89
99.92
99.93
99.89
99.92
99.88
99.84
99.86
99.86
99.83
99.88
99.91
99.78
99.88
99.89
99.80
99.81
99.72
99.81
99.90
99.81
99.81
99.86
99.88
99.80
99.86
99.82
99.87
99.84
99.89
99.88
99.93
99.87
99.86
99.90
99.88
99.90
99.92
99.90
99.89
99.92
99.95
99.85
99.95
99.93
99.97
99.92
99.95
99.91
99.92
99.87
99.90
99.84
99.86
99.90
99.87
99.91
99.84
99.89
99.82
99.91
99.93
99.85
99.90
99.90
99.86
99.76
99.86
99.88
99.94
99.89
99.86
99.86
99.83
99.96
99.92
99.96
99.90
99.92
99.90
99.97
99.88
99.87
99.86
99.89
99.84
99.97
99.95
99.92
99.87
99.94
99.81
99.94
99.92
99.87
99.86
99.91
99.91
99.92
99.95
99.96
99.91
99.94
99.88
99.89
99.92
99.93
99.88
99.88
99.88
99.80
99.87
99.93
99.86
99.89
99.85
99.85
99.91
99.93
99.90
99.93
99.92
99.88
99.90
99.95
99.90
99.94
99.92
99.94
99.93
99.88
99.87
99.87
99.81
99.96
99.95
99.92
99.92
99.90
99.90
99.90
99.96
99.82
99.95
99.89
99.92
99.97
99.97
99.94
99.90
99.91
99.93
99.97
99.94
99.94
99.87
99.90
99.93
99.85
99.85
99.88
99.96
99.85
99.83
99.93
99.90
99.87
99.91
99.87
99.93
99.93
99.91
99.94
99.93
99.94
99.90
99.88
99.92
99.85
99.68
99.90
99.91
99.94
99.87
99.78
99.91
99.94
99.88
99.91
99.97
99.96
99.85
99.93
99.89
99.91
99.91
99.91
99.66
99.87
99.89
99.96
99.87
99.86
99.92
99.89
99.90
99.85
99.93
99.91
99.88
99.93
99.96
99.93
99.96
99.76
99.88
99.96
99.91
99.96
99.91
99.90
99.85
99.96
99.93
99.92
99.91
99.85
99.88
99.87
99.84
99.92
99.91
99.87
99.79
99.83
99.88
99.90
99.93
99.92
99.95
99.96
99.90
99.86
99.98
99.85
99.90
99.85
99.88
99.88
99.82
99.94
99.93
99.88
99.95
99.92
99.97
99.94
99.91
99.97
99.93
99.92
99.88
99.93
99.96
99.93
99.87
99.90
99.90
99.93
99.92
99.92
99.87
99.90
99.89
99.92
99.89
99.98
99.93
99.96
99.95
99.90
99.90
99.88
99.90
99.90
99.94
99.89
99.91
99.88
99.87
99.94
99.89
99.94
99.93
99.94
99.86
99.93
99.89
99.92
99.93
99.91
99.67
99.69
99.73
99.63
99.68
99.75
99.68
99.71
99.76
99.82
99.73
99.65
99.68
99.71
99.71
99.71
99.63
99.75
99.67
99.74
99.71
99.58
99.89
99.72
99.68
99.80
99.67
99.66
99.72
99.80
99.68
99.54
99.74
99.78
99.68
99.63
99.72
99.59
99.72
99.72
99.66
99.71
99.84
99.92
99.94
99.92
99.89
99.85
99.87
99.89
99.89
99.89
99.91
99.89
99.84
99.84
99.88
99.92
99.84
99.93
99.88
99.85
99.81
99.89
99.89
99.90
99.91
99.89
99.89
99.83
99.89
99.88
99.90
99.88
99.89
99.84
99.92
99.86
99.72
99.79
99.88
99.84
99.85
99.87
99.85
99.89
99.82
99.77
99.77
99.72
99.79
99.77
99.75
99.79
99.80
99.77
99.79
99.78
99.75
99.69
99.66
99.71
99.82
99.80
99.79
99.77
99.70
99.65
99.76
99.64
99.62
99.37
99.57
99.40
99.73
99.69
99.69
99.71
99.67
99.67
99.68
99.70
99.74
99.78
99.63
99.70
99.73
99.69
99.62
99.66
99.79
99.73
99.77
99.69
99.68
99.75
99.65
99.64
99.71
99.57
99.69
99.70
99.64
99.63
99.70
99.62
99.68
99.62
99.62
99.62
99.62
99.62
99.67
99.66
99.49
99.47
99.56
99.57
99.58
99.59
99.57
99.59
99.60
99.52
99.51
99.55
99.54
99.53
99.53
99.51
99.44
99.42
99.59
99.54
99.51
99.56
99.60
99.56
99.56
99.50
99.47
99.49
99.46
99.56
99.48
99.57
99.55
99.54
99.51
99.48
99.54
99.49
99.55
99.56
99.48
99.48
99.54
99.53
99.56
99.52
99.60
99.54
99.49
99.45
99.54
99.49
99.52
99.49
99.49
99.51
99.50
99.54
99.52
99.54
99.55
99.51
99.57
99.48
99.45
99.56
99.51
99.48
99.51
99.56
99.52
99.53
99.54
99.49
99.55
99.49
99.47
99.56
99.37
99.50
99.56
99.51
99.52
99.64
99.58
99.66
99.58
99.48
99.56
99.57
99.62
99.55
99.56
99.65
99.64
99.60
99.66
99.55
99.63
99.69
99.60
99.61
99.59
99.68
99.62
99.67
99.60
99.68
99.59
99.64
99.69
99.61
99.57
99.63
99.59
99.65
99.67
99.65
99.68
99.62
99.61
99.66
99.55
99.54
99.59
99.52
99.60
99.60
99.51
99.62
99.70
99.69
99.67
99.62
99.63
99.62
99.65
99.67
99.71
99.63
99.63
99.69
99.65
99.64
99.65
99.69
99.69
99.67
99.67
99.63
99.63
99.54
99.64
99.67
99.65
99.62
99.58
99.68
99.73
99.65
99.70
99.73
99.68
99.74
99.70
99.70
99.72
99.66
99.66
99.64
99.66
99.71
99.80
99.69
99.66
99.70
99.74
99.72
99.76
99.76
99.83
99.79
99.77
99.80
99.76
99.78
99.74
99.72
99.74
99.63
99.76
99.65
99.64
99.73
99.73
99.71
99.77
99.67
99.72
99.72
99.84
99.69
99.81
99.80
99.72
99.76
99.70
99.76
99.75
99.70
99.67
99.75
99.70
99.70
99.70
99.69
99.70
99.70
99.70
99.67
99.70
99.70
99.72
99.78
99.70
99.75
99.64
99.58
99.69
99.61
99.68
99.71
99.68
99.71
99.65
99.71
99.68
99.70
99.66
99.70
99.74
99.69
99.68
99.71
99.60
99.59
99.64
99.71
99.74
99.70
99.67
99.64
99.71
99.66
99.70
99.71
99.64
99.60
99.62
99.67
99.68
99.69
99.64
99.70
99.69
99.65
99.62
99.63
99.72
99.68
99.66
99.65
99.67
99.72
99.67
99.64
99.69
99.67
99.65
99.62
99.62
99.57
99.61
99.64
99.66
99.62
99.64
99.64
99.63
99.67
99.58
99.52
99.60
99.59
99.60
99.57
99.62
99.60
99.64
99.64
99.57
99.70
99.57
99.56
99.64
99.70
99.67
99.66
99.70
99.68
99.72
99.68
99.72
99.66
99.62
99.65
99.65
99.66
99.67
99.65
99.60
99.68
99.73
99.61
99.70
99.51
99.61
99.60
99.49
99.58
99.61
99.58
99.60
99.59
99.58
99.57
99.51
99.42
99.57
99.62
99.55
99.58
99.62
99.49
99.57
99.65
99.70
99.54
99.60
99.60
99.59
99.60
99.68
99.63
99.63
99.56
99.66
99.64
99.67
99.74
99.71
99.72
99.72
99.70
99.69
99.67
99.69
99.70
99.66
99.67
99.66
99.70
99.73
99.72
99.68
99.68
99.64
99.65
99.75
99.72
99.75
99.74
99.72
99.73
99.70
99.71
99.77
99.77
99.75
99.70
99.68
99.71
99.68
99.63
99.72
99.64
99.70
99.72
99.73
99.71
99.69
99.70
99.74
99.71
99.71
99.75
99.69
99.71
99.64
99.61
99.67
99.64
99.64
99.68
99.67
99.66
99.68
99.66
99.57
99.75
99.73
99.70
99.69
99.64
99.70
99.72
99.70
99.71
99.67
99.75
99.74
99.76
99.75
99.74
99.70
99.73
99.76
99.70
99.71
99.68
99.73
99.66
99.64
99.66
99.66
99.65
99.61
99.70
99.65
99.64
99.68
99.65
99.63
99.71
99.58
99.58
99.60
99.52
99.62
99.67
99.69
99.74
99.72
99.76
99.74
99.69
99.76
99.66
99.73
99.76
99.83
99.75
99.76
99.77
99.75
99.74
99.73
99.77
99.79
99.78
99.72
99.74
99.78
99.72
99.76
99.79
99.83
99.77
99.73
99.72
99.78
99.73
99.74
99.78
99.66
99.71
99.72
99.74
99.82
99.83
99.77
99.72
99.76
99.68
99.63
99.74
99.71
99.66
99.65
99.62
99.63
99.69
99.65
99.70
99.70
99.70
99.73
99.76
99.78
99.80
99.78
99.77
99.66
99.67
99.72
99.77
99.77
99.74
99.78
99.75
99.78
99.78
99.79
99.79
99.81
99.79
99.81
99.78
99.83
99.84
99.83
99.85
99.83
99.83
99.80
99.83
99.76
99.78
99.85
99.86
99.86
99.90
99.87
99.82
99.77
99.80
99.86
99.80
99.74
99.77
99.81
99.81
99.85
99.80
99.81
99.80
99.84
99.79
99.83
99.76
99.78
99.80
99.74
99.75
99.74
99.78
99.73
99.79
99.80
99.81
99.82
99.80
99.75
99.82
99.84
99.78
99.76
99.80
99.83
99.85
99.85
99.83
99.82
99.83
99.85
99.80
99.82
99.85
99.86
99.80
99.84
99.85
99.81
99.78
99.84
99.85
99.84
99.81
99.83
99.83
99.79
99.73
99.82
99.81
99.82
99.82
99.81
99.84
99.74
99.79
99.84
99.85
99.81
99.78
99.77
99.77
99.80
99.82
99.77
99.82
99.73
99.78
99.72
99.76
99.75
99.73
99.75
99.77
99.81
99.81
99.75
99.73
99.77
99.81
99.78
99.82
99.83
99.76
99.80
99.73
99.78
99.76
99.82
99.83
99.82
99.81
99.86
99.83
99.82
99.82
99.83
99.84
99.82
99.80
99.78
99.80
99.79
99.80
99.83
99.82
99.82
99.83
99.84
99.85
99.84
99.86
99.84
99.85
99.84
99.82
99.71
99.75
99.78
99.75
99.82
99.74
99.83
99.85
99.80
99.77
99.78
99.78
99.76
99.74
99.72
99.78
99.80
99.82
99.85
99.83
99.78
99.78
99.82
99.72
99.72
99.76
99.75
99.73
99.79
99.74
99.69
99.76
99.68
99.75
99.77
99.72
99.72
99.76
99.76
99.83
99.71
99.77
99.79
99.76
99.79
99.79
99.76
99.76
99.75
99.73
99.79
99.79
99.78
99.76
99.78
99.77
99.76
99.73
99.76
99.80
99.78
99.78
99.85
99.77
99.81
99.78
99.78
99.79
99.78
99.80
99.76
99.81
99.78
99.80
99.76
99.74
99.71
99.77
99.77
99.77
99.79
99.74
99.76
99.77
99.69
99.77
99.74
99.79
99.73
99.75
99.78
99.77
99.78
99.74
99.79
99.78
99.77
99.76
99.77
99.80
99.76
99.79
99.81
99.78
99.79
99.81
99.74
99.84
99.82
99.81
99.81
99.83
99.83
99.81
99.82
99.75
99.83
99.82
99.81
99.80
99.84
99.86
99.77
99.81
99.83
99.80
99.78
99.80
99.84
99.74
99.84
99.76
99.82
99.83
99.82
99.83
99.74
99.74
99.74
99.76
99.78
99.74
99.74
99.79
99.72
99.70
99.65
99.71
99.75
99.75
99.75
99.70
99.60
99.64
99.74
99.71
99.74
99.72
99.67
99.73
99.72
99.73
99.81
99.81
99.82
99.84
99.78
99.78
99.81
99.79
99.81
99.82
99.86
99.80
99.75
99.75
99.74
99.80
99.81
99.75
99.72
99.83
99.77
99.82
99.81
99.76
99.78
99.78
99.82
99.79
99.78
99.77
99.78
99.78
99.78
99.81
99.78
99.76
99.80
99.80
99.77
99.82
99.82
99.79
99.82
99.74
99.72
99.78
99.74
99.65
99.69
99.64
